[ 0,  7,  8,  5,  6,  3,  2,  1]
[ 1,  2,  3,  6,  5,  8,  7,  0]
[ 2,  1,  5,  6,  3,  4, 10,  9, 13, 12, 11,  8,  7,  0]
[ 3,  2,  1,  5,  6,  9, 10,  4]
[ 4,  3,  2,  1,  5,  6,  9, 10, 13, 12, 11,  8,  7,  0]
[ 5,  6,  3,  2,  1,  0,  7,  8, 12, 11]
[ 6,  3,  2,  1,  5,  8,  7,  0]
[ 7,  8,  5,  6,  3,  2,  1,  0]
[ 8,  7,  0,  5,  6,  3,  2,  1]
[ 9,  6,  3,  2,  1,  5,  8,  7,  0]
[10,  9,  6,  3,  2,  1,  5,  8,  7,  0]
[11, 12, 13,  9,  6,  3,  2,  1,  5,  8,  7,  0]
[12, 11,  8,  7,  0,  5,  6,  3,  2,  1]
[13,  9,  6,  3,  2,  1,  5,  8,  7,  0]
[14, 13,  9,  6,  3,  2,  1,  5,  8,  7,  0]
