[0, 1, 2, 3, 4, 5, 6, 7] : 111.58412
[0, 1, 2, 3, 4, 7, 6, 5] : 95.26036
[0, 1, 2, 3, 5, 4, 6, 7] : 119.77813
[0, 1, 2, 3, 5, 4, 7, 6] : 105.533966
[0, 1, 2, 3, 5, 6, 4, 7] : 115.403656
[0, 1, 2, 3, 5, 6, 7, 4] : 106.98484
[0, 1, 2, 4, 3, 5, 6, 7] : 113.98166
[0, 1, 2, 4, 7, 6, 5, 3] : 106.76146
[0, 1, 2, 7, 4, 3, 5, 6] : 102.795616
[0, 1, 2, 7, 4, 6, 5, 3] : 109.81958
[0, 1, 2, 7, 6, 4, 3, 5] : 105.090485
[0, 1, 2, 7, 6, 4, 5, 3] : 114.19405
[0, 1, 2, 7, 6, 5, 3, 4] : 108.62096
[0, 1, 2, 7, 6, 5, 4, 3] : 106.00004
[0, 1, 3, 2, 4, 5, 6, 7] : 115.02165
[0, 1, 3, 2, 4, 7, 6, 5] : 98.69789
[0, 1, 3, 2, 7, 4, 5, 6] : 103.8356
[0, 1, 3, 2, 7, 4, 6, 5] : 101.75601
[0, 1, 3, 2, 7, 6, 4, 5] : 106.13048
[0, 1, 3, 2, 7, 6, 5, 4] : 109.66096
[0, 1, 3, 4, 2, 7, 6, 5] : 100.33401
[0, 1, 3, 4, 5, 6, 7, 2] : 112.078476
[0, 1, 3, 5, 4, 2, 7, 6] : 110.60761
[0, 1, 3, 5, 4, 6, 7, 2] : 120.27248
[0, 1, 3, 5, 6, 4, 2, 7] : 120.4773
[0, 1, 3, 5, 6, 4, 7, 2] : 115.89801
[0, 1, 3, 5, 6, 7, 2, 4] : 112.058495
[0, 1, 3, 5, 6, 7, 4, 2] : 112.83989
[0, 3, 1, 2, 4, 5, 6, 7] : 114.27473
[0, 3, 1, 2, 4, 7, 6, 5] : 97.95097
[0, 3, 1, 2, 7, 4, 5, 6] : 103.088684
[0, 3, 1, 2, 7, 4, 6, 5] : 101.00909
[0, 3, 1, 2, 7, 6, 4, 5] : 105.38356
[0, 3, 1, 2, 7, 6, 5, 4] : 108.914024
[0, 3, 4, 5, 6, 7, 2, 1] : 106.000046
[0, 3, 5, 4, 6, 7, 2, 1] : 114.19405
[0, 3, 5, 6, 4, 7, 2, 1] : 109.81958
[0, 3, 5, 6, 7, 4, 2, 1] : 106.76146
[0, 5, 3, 1, 2, 4, 6, 7] : 113.365166
[0, 5, 3, 1, 2, 4, 7, 6] : 99.121
[0, 5, 3, 1, 2, 7, 4, 6] : 102.17912
[0, 5, 3, 1, 2, 7, 6, 4] : 108.00447
[0, 5, 3, 4, 6, 7, 2, 1] : 105.090485
[0, 5, 4, 3, 1, 2, 7, 6] : 98.35959
[0, 5, 4, 6, 7, 2, 1, 3] : 105.38356
[0, 5, 4, 6, 7, 2, 3, 1] : 106.13048
[0, 5, 6, 4, 3, 1, 2, 7] : 108.22929
[0, 5, 6, 4, 7, 2, 1, 3] : 101.009094
[0, 5, 6, 4, 7, 2, 3, 1] : 101.75601
[0, 5, 6, 7, 2, 1, 3, 4] : 99.81047
[0, 5, 6, 7, 2, 4, 3, 1] : 100.33401
[0, 5, 6, 7, 4, 2, 1, 3] : 97.95097
[0, 5, 6, 7, 4, 2, 3, 1] : 98.69789
[0, 5, 6, 7, 4, 3, 1, 2] : 100.59187
[0, 5, 6, 7, 4, 3, 2, 1] : 95.26037
[0, 6, 4, 5, 3, 1, 2, 7] : 118.502884
[0, 6, 4, 7, 2, 1, 3, 5] : 102.17913
[0, 6, 5, 3, 1, 2, 4, 7] : 111.07029
[0, 6, 5, 3, 1, 2, 7, 4] : 105.709595
[0, 6, 5, 3, 4, 7, 2, 1] : 102.79561
[0, 6, 5, 4, 3, 1, 2, 7] : 110.308876
[0, 6, 5, 4, 7, 2, 1, 3] : 103.088684
[0, 6, 5, 4, 7, 2, 3, 1] : 103.8356
[0, 6, 7, 2, 1, 3, 4, 5] : 98.35959
[0, 6, 7, 2, 1, 3, 5, 4] : 110.08407
[0, 6, 7, 2, 4, 5, 3, 1] : 110.607605
[0, 6, 7, 4, 2, 1, 3, 5] : 99.12101
[0, 6, 7, 4, 5, 3, 1, 2] : 110.86546
[0, 6, 7, 4, 5, 3, 2, 1] : 105.53396
[1, 0, 3, 2, 4, 5, 6, 7] : 116.92253
[1, 0, 3, 2, 4, 7, 6, 5] : 111.37799
[1, 0, 3, 2, 7, 4, 5, 6] : 118.73397
[1, 0, 3, 2, 7, 4, 6, 5] : 114.43611
[1, 0, 3, 2, 7, 6, 4, 5] : 118.81059
[1, 0, 3, 2, 7, 6, 5, 4] : 112.50245
[1, 0, 3, 4, 2, 7, 6, 5] : 113.014114
[1, 0, 3, 4, 5, 6, 7, 2] : 106.00005
[1, 0, 3, 5, 4, 2, 7, 6] : 125.50597
[1, 0, 3, 5, 4, 6, 7, 2] : 114.19405
[1, 0, 3, 5, 6, 4, 2, 7] : 122.37818
[1, 0, 3, 5, 6, 4, 7, 2] : 109.81958
[1, 0, 3, 5, 6, 7, 2, 4] : 114.89999
[1, 0, 3, 5, 6, 7, 4, 2] : 106.76147
[1, 0, 5, 3, 2, 4, 6, 7] : 116.01298
[1, 0, 5, 3, 2, 4, 7, 6] : 114.76629
[1, 0, 5, 3, 2, 7, 4, 6] : 117.82441
[1, 0, 5, 3, 2, 7, 6, 4] : 111.592896
[1, 0, 5, 3, 4, 2, 7, 6] : 116.402405
[1, 0, 5, 3, 4, 6, 7, 2] : 105.09049
[1, 0, 5, 4, 3, 2, 7, 6] : 114.004875
[1, 0, 5, 4, 6, 7, 2, 3] : 106.130486
[1, 0, 5, 6, 4, 3, 2, 7] : 110.87709
[1, 0, 5, 6, 4, 7, 2, 3] : 101.75601
[1, 0, 5, 6, 7, 2, 3, 4] : 103.39888
[1, 0, 5, 6, 7, 2, 4, 3] : 100.33401
[1, 0, 5, 6, 7, 4, 2, 3] : 98.69789
[1, 0, 5, 6, 7, 4, 3, 2] : 95.26036
[1, 0, 6, 4, 5, 3, 2, 7] : 121.15069
[1, 0, 6, 4, 7, 2, 3, 5] : 115.60614
[1, 0, 6, 5, 3, 2, 4, 7] : 113.718094
[1, 0, 6, 5, 3, 2, 7, 4] : 109.29801
[1, 0, 6, 5, 3, 4, 2, 7] : 115.35421
[1, 0, 6, 5, 3, 4, 7, 2] : 102.795616
[1, 0, 6, 5, 4, 3, 2, 7] : 112.95668
[1, 0, 6, 5, 4, 7, 2, 3] : 103.8356
[1, 0, 6, 7, 2, 3, 4, 5] : 111.786606
[1, 0, 6, 7, 2, 3, 5, 4] : 113.67248
[1, 0, 6, 7, 2, 4, 3, 5] : 114.18414
[1, 0, 6, 7, 2, 4, 5, 3] : 110.60761
[1, 0, 6, 7, 4, 2, 3, 5] : 112.54802
[1, 0, 6, 7, 4, 5, 3, 2] : 105.533966
[1, 2, 3, 0, 5, 4, 6, 7] : 112.868515
[1, 2, 3, 0, 5, 4, 7, 6] : 111.62183
[1, 2, 3, 0, 5, 6, 4, 7] : 108.49405
[1, 2, 3, 0, 5, 6, 7, 4] : 101.01585
[1, 2, 3, 0, 6, 5, 4, 7] : 110.57364
[1, 2, 3, 0, 6, 7, 4, 5] : 109.40358
[1, 2, 3, 4, 5, 0, 6, 7] : 105.84455
[1, 2, 3, 4, 7, 6, 0, 5] : 100.3
[1, 2, 3, 5, 0, 6, 4, 7] : 109.664085
[1, 2, 3, 5, 0, 6, 7, 4] : 102.18588
[1, 2, 4, 3, 0, 5, 6, 7] : 107.072044
[1, 2, 4, 3, 5, 0, 6, 7] : 108.24208
[1, 2, 4, 5, 3, 0, 6, 7] : 117.34564
[1, 2, 4, 7, 6, 0, 3, 5] : 111.8011
[1, 2, 4, 7, 6, 0, 5, 3] : 99.12101
[1, 2, 4, 7, 6, 5, 0, 3] : 97.950966
[1, 2, 7, 4, 3, 0, 5, 6] : 108.88348
[1, 2, 7, 4, 3, 0, 6, 5] : 106.66522
[1, 2, 7, 4, 3, 5, 0, 6] : 110.05351
[1, 2, 7, 4, 5, 3, 0, 6] : 119.157074
[1, 2, 7, 4, 5, 6, 0, 3] : 103.088684
[1, 2, 7, 4, 6, 0, 3, 5] : 114.85922
[1, 2, 7, 4, 6, 0, 5, 3] : 102.17912
[1, 2, 7, 4, 6, 5, 0, 3] : 101.00909
[1, 2, 7, 6, 0, 3, 4, 5] : 111.03969
[1, 2, 7, 6, 0, 3, 5, 4] : 112.92556
[1, 2, 7, 6, 0, 5, 3, 4] : 103.822
[1, 2, 7, 6, 0, 5, 4, 3] : 98.3596
[1, 2, 7, 6, 4, 3, 0, 5] : 108.96008
[1, 2, 7, 6, 4, 5, 0, 3] : 105.38356
[1, 2, 7, 6, 5, 0, 3, 4] : 102.65196
[1, 3, 0, 5, 4, 2, 7, 6] : 116.69547
[1, 3, 0, 5, 4, 6, 7, 2] : 105.38356
[1, 3, 0, 5, 6, 4, 2, 7] : 113.567696
[1, 3, 0, 5, 6, 4, 7, 2] : 101.009094
[1, 3, 0, 5, 6, 7, 2, 4] : 106.08949
[1, 3, 0, 5, 6, 7, 4, 2] : 97.95097
[1, 3, 0, 6, 5, 4, 2, 7] : 115.647285
[1, 3, 0, 6, 5, 4, 7, 2] : 103.08869
[1, 3, 0, 6, 7, 2, 4, 5] : 114.47722
[1, 3, 2, 4, 5, 0, 6, 7] : 109.282074
[1, 3, 2, 4, 7, 6, 0, 5] : 103.73753
[1, 3, 2, 7, 4, 5, 0, 6] : 111.09351
[1, 3, 2, 7, 4, 6, 0, 5] : 106.795654
[1, 3, 2, 7, 6, 0, 5, 4] : 104.86199
[1, 3, 4, 2, 7, 6, 0, 5] : 105.37366
[1, 3, 4, 5, 0, 6, 7, 2] : 98.3596
[1, 3, 5, 0, 6, 4, 2, 7] : 114.73773
[1, 3, 5, 0, 6, 4, 7, 2] : 102.17913
[1, 3, 5, 0, 6, 7, 2, 4] : 107.25953
[1, 3, 5, 0, 6, 7, 4, 2] : 99.12101
[2, 1, 0, 3, 4, 5, 6, 7] : 106.000046
[2, 1, 0, 3, 4, 7, 6, 5] : 109.836105
[2, 1, 0, 3, 5, 4, 6, 7] : 114.194046
[2, 1, 0, 3, 5, 4, 7, 6] : 120.106674
[2, 1, 0, 3, 5, 6, 4, 7] : 109.81958
[2, 1, 0, 3, 5, 6, 7, 4] : 106.76146
[2, 1, 0, 5, 3, 4, 6, 7] : 105.090485
[2, 1, 0, 5, 3, 4, 7, 6] : 111.003105
[2, 1, 0, 5, 6, 7, 4, 3] : 95.26036
[2, 1, 0, 6, 5, 3, 4, 7] : 102.79561
[2, 1, 0, 6, 7, 4, 3, 5] : 111.006134
[2, 1, 0, 6, 7, 4, 5, 3] : 105.533966
[2, 1, 3, 0, 5, 4, 6, 7] : 105.38356
[2, 1, 3, 0, 5, 4, 7, 6] : 111.29618
[2, 1, 3, 0, 5, 6, 4, 7] : 101.009094
[2, 1, 3, 0, 5, 6, 7, 4] : 97.95097
[2, 1, 3, 0, 6, 5, 4, 7] : 103.08869
[2, 1, 3, 0, 6, 7, 4, 5] : 111.29921
[2, 1, 3, 4, 5, 0, 6, 7] : 98.3596
[2, 1, 3, 4, 7, 6, 0, 5] : 102.19565
[2, 1, 3, 5, 0, 6, 4, 7] : 102.17913
[2, 1, 3, 5, 0, 6, 7, 4] : 99.12101
[2, 3, 1, 0, 5, 4, 6, 7] : 106.130486
[2, 3, 1, 0, 5, 4, 7, 6] : 112.043106
[2, 3, 1, 0, 5, 6, 4, 7] : 101.75601
[2, 3, 1, 0, 5, 6, 7, 4] : 98.6979
[2, 3, 1, 0, 6, 5, 4, 7] : 103.83561
[2, 3, 1, 0, 6, 7, 4, 5] : 112.04614
[2, 4, 3, 1, 0, 5, 6, 7] : 100.33401
[2, 4, 5, 3, 1, 0, 6, 7] : 110.60761
[2, 4, 7, 6, 0, 1, 3, 5] : 114.443665
[2, 4, 7, 6, 5, 0, 1, 3] : 98.69789
[2, 7, 4, 3, 1, 0, 5, 6] : 109.304756
[2, 7, 4, 3, 1, 0, 6, 5] : 109.307785
[2, 7, 4, 5, 3, 1, 0, 6] : 119.578354
[2, 7, 4, 5, 6, 0, 1, 3] : 103.8356
[2, 7, 4, 6, 0, 1, 3, 5] : 117.501785
[2, 7, 4, 6, 5, 0, 1, 3] : 101.75601
[2, 7, 6, 0, 1, 3, 4, 5] : 113.68225
[2, 7, 6, 0, 1, 3, 5, 4] : 110.60761
[2, 7, 6, 4, 3, 1, 0, 5] : 111.60265
[2, 7, 6, 4, 5, 0, 1, 3] : 106.13048
[2, 7, 6, 5, 0, 1, 3, 4] : 100.33401
[3, 0, 1, 2, 4, 5, 6, 7] : 111.396286
[3, 0, 1, 2, 4, 7, 6, 5] : 106.76146
[3, 0, 1, 2, 7, 4, 5, 6] : 112.95191
[3, 0, 1, 2, 7, 4, 6, 5] : 109.81958
[3, 0, 1, 2, 7, 6, 4, 5] : 114.194046
[3, 0, 1, 2, 7, 6, 5, 4] : 106.000046
[3, 1, 0, 5, 4, 2, 7, 6] : 111.660355
[3, 1, 0, 5, 6, 4, 2, 7] : 108.788376
[3, 1, 0, 5, 6, 7, 2, 4] : 100.33401
[3, 1, 0, 6, 5, 4, 2, 7] : 110.867966
[3, 1, 0, 6, 7, 2, 4, 5] : 110.607605
[3, 1, 2, 4, 5, 0, 6, 7] : 103.75584
[3, 1, 2, 4, 7, 6, 0, 5] : 99.121
[3, 1, 2, 7, 4, 5, 0, 6] : 105.31146
[3, 1, 2, 7, 4, 6, 0, 5] : 102.17912
[3, 1, 2, 7, 6, 0, 5, 4] : 98.35959
[3, 2, 1, 0, 5, 4, 6, 7] : 108.089195
[3, 2, 1, 0, 5, 4, 7, 6] : 106.5867
[3, 2, 1, 0, 5, 6, 4, 7] : 103.71473
[3, 2, 1, 0, 5, 6, 7, 4] : 95.26036
[3, 2, 1, 0, 6, 5, 4, 7] : 105.79432
[3, 2, 1, 0, 6, 7, 4, 5] : 105.533966
[3, 4, 2, 1, 0, 5, 6, 7] : 102.292725
[3, 4, 5, 0, 1, 2, 7, 6] : 108.22282
[3, 4, 5, 6, 0, 1, 2, 7] : 107.43044
[3, 4, 6, 5, 0, 1, 2, 7] : 105.350845
[3, 4, 6, 7, 2, 1, 0, 5] : 105.090485
[3, 4, 7, 2, 1, 0, 5, 6] : 103.84835
[3, 4, 7, 2, 1, 0, 6, 5] : 102.79561
[3, 5, 0, 1, 2, 4, 6, 7] : 110.486725
[3, 5, 0, 1, 2, 4, 7, 6] : 108.98424
[3, 5, 0, 1, 2, 7, 4, 6] : 112.04235
[3, 5, 0, 1, 2, 7, 6, 4] : 105.09048
[3, 5, 4, 2, 1, 0, 6, 7] : 112.56632
[3, 5, 4, 6, 0, 1, 2, 7] : 115.62444
[3, 5, 4, 7, 2, 1, 0, 6] : 114.12195
[3, 5, 6, 0, 1, 2, 4, 7] : 108.19185
[3, 5, 6, 0, 1, 2, 7, 4] : 102.7956
[4, 2, 1, 0, 3, 5, 6, 7] : 106.76146
[4, 2, 1, 3, 0, 5, 6, 7] : 97.95097
[4, 2, 1, 3, 5, 0, 6, 7] : 99.121
[4, 2, 3, 1, 0, 5, 6, 7] : 98.69789
[4, 2, 7, 6, 0, 1, 3, 5] : 110.607605
[4, 3, 0, 1, 2, 7, 6, 5] : 106.000046
[4, 3, 1, 2, 7, 6, 0, 5] : 98.35959
[4, 3, 2, 1, 0, 5, 6, 7] : 95.26036
[4, 3, 5, 0, 1, 2, 7, 6] : 105.090485
[4, 3, 5, 6, 0, 1, 2, 7] : 102.795616
[4, 5, 0, 1, 3, 2, 7, 6] : 106.130486
[4, 5, 0, 3, 1, 2, 7, 6] : 105.38356
[4, 5, 3, 0, 1, 2, 7, 6] : 114.194046
[4, 5, 3, 2, 1, 0, 6, 7] : 105.533966
[4, 5, 6, 0, 1, 3, 2, 7] : 103.83561
[4, 5, 6, 0, 3, 1, 2, 7] : 103.088684
[4, 6, 0, 5, 3, 1, 2, 7] : 102.17913
[4, 6, 5, 0, 1, 3, 2, 7] : 101.75601
[4, 6, 5, 0, 3, 1, 2, 7] : 101.00909
[4, 6, 5, 3, 0, 1, 2, 7] : 109.81958
[4, 6, 7, 2, 1, 0, 3, 5] : 114.194046
[4, 6, 7, 2, 1, 3, 0, 5] : 105.38356
[4, 6, 7, 2, 3, 1, 0, 5] : 106.13048
[4, 7, 2, 1, 0, 3, 5, 6] : 109.81958
[4, 7, 2, 1, 3, 0, 5, 6] : 101.00909
[4, 7, 2, 1, 3, 0, 6, 5] : 103.088684
[4, 7, 2, 1, 3, 5, 0, 6] : 102.17913
[4, 7, 2, 3, 1, 0, 5, 6] : 101.75601
[4, 7, 2, 3, 1, 0, 6, 5] : 103.8356
[4, 7, 6, 0, 1, 2, 3, 5] : 105.533966
[5, 0, 1, 2, 3, 4, 6, 7] : 107.09219
[5, 0, 1, 2, 3, 4, 7, 6] : 95.26036
[5, 0, 1, 3, 2, 4, 6, 7] : 110.529724
[5, 0, 1, 3, 2, 4, 7, 6] : 98.6979
[5, 0, 1, 3, 2, 7, 4, 6] : 101.75601
[5, 0, 1, 3, 4, 2, 7, 6] : 100.33401
[5, 0, 3, 1, 2, 4, 6, 7] : 109.7828
[5, 0, 3, 1, 2, 4, 7, 6] : 97.95097
[5, 0, 3, 1, 2, 7, 4, 6] : 101.00909
[5, 0, 6, 4, 3, 1, 2, 7] : 105.816956
[5, 3, 0, 1, 2, 4, 6, 7] : 118.59329
[5, 3, 0, 1, 2, 4, 7, 6] : 106.76146
[5, 3, 0, 1, 2, 7, 4, 6] : 109.81958
[5, 3, 1, 0, 6, 4, 2, 7] : 118.06497
[5, 3, 2, 1, 0, 6, 4, 7] : 112.991325
[5, 3, 4, 2, 1, 0, 6, 7] : 111.56932
[5, 3, 4, 6, 0, 1, 2, 7] : 114.62744
[5, 3, 4, 7, 2, 1, 0, 6] : 102.79561
[5, 4, 2, 1, 3, 0, 6, 7] : 111.8624
[5, 4, 2, 3, 1, 0, 6, 7] : 112.60932
[5, 4, 3, 0, 1, 2, 7, 6] : 106.00004
[5, 4, 3, 2, 1, 0, 6, 7] : 109.17179
[5, 4, 6, 0, 1, 3, 2, 7] : 115.667435
[5, 4, 6, 0, 3, 1, 2, 7] : 114.92052
[5, 4, 7, 2, 1, 3, 0, 6] : 103.088684
[5, 4, 7, 2, 3, 1, 0, 6] : 103.8356
[5, 6, 0, 1, 2, 3, 4, 7] : 104.79732
[5, 6, 0, 1, 3, 2, 4, 7] : 108.23485
[5, 6, 0, 1, 3, 4, 2, 7] : 109.870964
[5, 6, 0, 3, 1, 2, 4, 7] : 107.48792
[5, 6, 4, 3, 0, 1, 2, 7] : 113.457405
[6, 0, 1, 2, 3, 5, 4, 7] : 105.53396
[6, 0, 1, 3, 5, 4, 2, 7] : 110.607605
[6, 0, 5, 3, 1, 2, 4, 7] : 99.12101
[6, 0, 5, 4, 3, 1, 2, 7] : 98.35959
[6, 4, 3, 5, 0, 1, 2, 7] : 105.09048
[6, 4, 5, 0, 1, 3, 2, 7] : 106.13048
[6, 4, 5, 0, 3, 1, 2, 7] : 105.38355
[6, 4, 5, 3, 0, 1, 2, 7] : 114.19405
[6, 5, 0, 1, 2, 3, 4, 7] : 95.26037
[6, 5, 0, 1, 3, 2, 4, 7] : 98.69789
[6, 5, 0, 1, 3, 4, 2, 7] : 100.33401
[6, 5, 0, 3, 1, 2, 4, 7] : 97.950966
[6, 5, 3, 0, 1, 2, 4, 7] : 106.76145
[6, 5, 4, 3, 0, 1, 2, 7] : 106.000046
